--------------------------------------------------------
Input Layer
--------------------------------------------------------
Node Values:
0 = 1

Weights:
(0, 0) = -4.769401
(0, 1) = 0.4258748
(0, 2) = 0.6674975
(0, 3) = -2.286303
(0, 4) = -0.9365041
(0, 5) = -1.234481
(0, 6) = -2.380013
(0, 7) = -3.696186
(0, 8) = -3.81773
(0, 9) = -3.785021
(0, 10) = 0.2935791
(0, 11) = -0.08058581
(0, 12) = -0.1002101
(0, 13) = 2.691681
(0, 14) = -0.08972774
(0, 15) = -2.863356
(0, 16) = 2.528771
(0, 17) = -0.07484619
(0, 18) = 0.1383814
(0, 19) = -0.1993243
(0, 20) = -1.013276
(0, 21) = -1.346441
(0, 22) = 0.5321574
(0, 23) = -0.5398419
(0, 24) = 0.566651
(0, 25) = -1.990634
(0, 26) = -4.229811
(0, 27) = -2.281151
(0, 28) = -3.836641
(0, 29) = -0.2230181
(0, 30) = -0.5314124
(0, 31) = -0.671995
(0, 32) = 7.321395
(0, 33) = 0.7289037
(0, 34) = 0.4768178
(0, 35) = -3.429547
(0, 36) = 16.30994
(0, 37) = 0.1636299
(0, 38) = 1.723212
(0, 39) = 5.601236
(0, 40) = 0.4782005
(0, 41) = -1.579874
(0, 42) = -1.111623
(0, 43) = -0.5936549
(0, 44) = -0.03565224
(0, 45) = -4.527869
(0, 46) = 3.587577
(0, 47) = -0.4952666
(0, 48) = -0.2681616
(0, 49) = -1.363199
(0, 50) = 0.1727631
(0, 51) = -0.3822727
(0, 52) = -4.23305
(0, 53) = 6.625237
(0, 54) = -1.176734
(0, 55) = -1.757713
(0, 56) = -1.1552
(0, 57) = 4.957488
(0, 58) = 0.7779894
(0, 59) = 0.1569366
(0, 60) = -1.238744
(0, 61) = -1.108601
(0, 62) = -0.9996056
(0, 63) = 0.7821789
(0, 64) = -0.1401446
(0, 65) = -3.097723
(0, 66) = -0.1743551
(0, 67) = -20.04572
(0, 68) = -4.850646
(0, 69) = 4.159297
(0, 70) = -3.283863
(0, 71) = 0.6929924
(0, 72) = -20.14427

Bias Weights:
(0) = -1.870403
(1) = -0.1266403
(2) = -0.1230753
(3) = -0.3011797
(4) = 0.8223057
(5) = 0.3301789
(6) = -0.2367283
(7) = -1.132614
(8) = -1.209021
(9) = 0.865514
(10) = 0.6974545
(11) = 1.18998
(12) = 0.3795824
(13) = 0.704292
(14) = 1.239935
(15) = -0.5751577
(16) = 0.4799877
(17) = 1.042837
(18) = -0.1063076
(19) = 0.6799501
(20) = 0.7014441
(21) = 0.669292
(22) = 0.1361389
(23) = 0.7836515
(24) = 0.2844759
(25) = 0.1439199
(26) = -1.49569
(27) = 1.181004
(28) = 1.074505
(29) = 0.7175633
(30) = 0.795928
(31) = 1.021775
(32) = -0.7116602
(33) = 1.013885
(34) = -0.1890795
(35) = 1.168435
(36) = 7.879058
(37) = -0.3307223
(38) = 0.3498592
(39) = -0.8249056
(40) = -0.1455762
(41) = 0.4635407
(42) = 0.7192252
(43) = 1.002384
(44) = 0.9643249
(45) = 0.9651404
(46) = 1.139626
(47) = 0.6886709
(48) = 0.1156675
(49) = 0.3823881
(50) = 1.061815
(51) = 1.193948
(52) = -1.490299
(53) = -0.7930164
(54) = 0.07537565
(55) = 0.2222825
(56) = 0.919644
(57) = 2.15559
(58) = 1.01477
(59) = 0.1790536
(60) = 0.04942902
(61) = 0.5897624
(62) = 0.526314
(63) = 0.9019367
(64) = 0.7634016
(65) = 1.078814
(66) = 1.055345
(67) = -6.565462
(68) = -1.932406
(69) = 1.49866
(70) = -0.8664855
(71) = 0.2888622
(72) = -13.1613


--------------------------------------------------------
Hidden Layer
--------------------------------------------------------
Weights:
(0, 0) = -4.060532
(1, 0) = 0.9073892
(2, 0) = 1.080789
(3, 0) = -1.15969
(4, 0) = -0.5696229
(5, 0) = -0.5884048
(6, 0) = -1.550499
(7, 0) = -2.581956
(8, 0) = -2.774184
(9, 0) = 1.494076
(10, 0) = 0.5837452
(11, 0) = 0.1727393
(12, 0) = 0.3686829
(13, 0) = 1.964129
(14, 0) = 0.1819257
(15, 0) = -1.849601
(16, 0) = 1.450815
(17, 0) = 0.2195699
(18, 0) = 0.7004783
(19, 0) = 0.1897883
(20, 0) = -0.6127538
(21, 0) = -0.727278
(22, 0) = 0.8682327
(23, 0) = -0.1497623
(24, 0) = 0.8332399
(25, 0) = -0.8611785
(26, 0) = -3.111306
(27, 0) = 0.6092315
(28, 0) = 1.836023
(29, 0) = 0.1579805
(30, 0) = -0.1486048
(31, 0) = -0.3184132
(32, 0) = -3.957804
(33, 0) = 0.7045015
(34, 0) = 0.9765136
(35, 0) = 1.585665
(36, 0) = -9.6101
(37, 0) = 0.776205
(38, 0) = 1.416928
(39, 0) = -2.446727
(40, 0) = 0.9595505
(41, 0) = -0.811605
(42, 0) = -0.7110574
(43, 0) = -0.2599187
(44, 0) = 0.2637739
(45, 0) = 2.278628
(46, 0) = 2.910361
(47, 0) = -0.07855317
(48, 0) = 0.3002606
(49, 0) = -0.7962653
(50, 0) = 0.4284188
(51, 0) = -0.06171784
(52, 0) = -3.23976
(53, 0) = -3.512298
(54, 0) = -0.3531876
(55, 0) = -1.16325
(56, 0) = -0.5433699
(57, 0) = 4.98499
(58, 0) = 0.7174286
(59, 0) = 0.6299042
(60, 0) = -0.3847444
(61, 0) = -0.6586376
(62, 0) = -0.4882225
(63, 0) = 0.7391824
(64, 0) = 0.2214001
(65, 0) = 1.195586
(66, 0) = 0.1176197
(67, 0) = 9.942382
(68, 0) = -4.220279
(69, 0) = 3.654644
(70, 0) = -2.124453
(71, 0) = 0.8921874
(72, 0) = 8.892678

Bias Weights:
(0) = -0.5553576


--------------------------------------------------------
Output Layer
--------------------------------------------------------
Node Values:
(0) = 0.5082371

