--------------------------------------------------------
Input Layer
--------------------------------------------------------
Node Values:
0 = 0

Weights:
(0, 0) = -0.17
(0, 1) = -0.72
(0, 2) = 0.32
(0, 3) = -0.41
(0, 4) = -0.56
(0, 5) = 0.24
(0, 6) = -0.27
(0, 7) = 0.09
(0, 8) = -0.34
(0, 9) = -0.89
(0, 10) = 0.97
(0, 11) = -0.5
(0, 12) = 0.35
(0, 13) = 0.73
(0, 14) = 0.71
(0, 15) = 0.08
(0, 16) = 0.89
(0, 17) = 0.58
(0, 18) = -0.29
(0, 19) = 0.42
(0, 20) = -0.46
(0, 21) = -0.66
(0, 22) = -0.97
(0, 23) = 0.61
(0, 24) = 0.34
(0, 25) = -0.64
(0, 26) = -0.21
(0, 27) = -0.92
(0, 28) = -0.86
(0, 29) = 0.47
(0, 30) = -0.34
(0, 31) = 0.77
(0, 32) = 0.96
(0, 33) = 0.29
(0, 34) = 0.22
(0, 35) = -0.99
(0, 36) = 0.97
(0, 37) = -0.46
(0, 38) = 0.54
(0, 39) = 0.94
(0, 40) = 0.18
(0, 41) = -0.61
(0, 42) = 0.88
(0, 43) = -0.57
(0, 44) = -0.36
(0, 45) = -0.74
(0, 46) = 0.61
(0, 47) = 0.85
(0, 48) = 0.19
(0, 49) = -0.13
(0, 50) = 0.51
(0, 51) = 0.78
(0, 52) = -0.12
(0, 53) = 0.97
(0, 54) = -0.6
(0, 55) = -0.51
(0, 56) = -0.76
(0, 57) = 0.71
(0, 58) = 0.24
(0, 59) = -0.93
(0, 60) = -0.55
(0, 61) = -0.36
(0, 62) = -0.05
(0, 63) = 0.18
(0, 64) = 0.45
(0, 65) = -0.81
(0, 66) = -0.47
(0, 67) = -0.95
(0, 68) = -0.49
(0, 69) = 0.7
(0, 70) = 0.11
(0, 71) = 0.35
(0, 72) = -0.97

Bias Weights:
(0) = -0.23
(1) = -0.77
(2) = -0.85
(3) = -0.54
(4) = 0.6
(5) = -0.04
(6) = 0.08
(7) = -0.25
(8) = -0.06
(9) = -0.11
(10) = 0.26
(11) = 0.96
(12) = -0.13
(13) = -0.11
(14) = 0.99
(15) = -0.12
(16) = -0.28
(17) = 0.76
(18) = -0.75
(19) = 0.29
(20) = 0.47
(21) = 0.49
(22) = -0.46
(23) = 0.44
(24) = -0.31
(25) = -0.02
(26) = -0.56
(27) = 0.72
(28) = 0.55
(29) = 0.34
(30) = 0.48
(31) = 0.75
(32) = -0.84
(33) = 0.75
(34) = -0.89
(35) = 0.73
(36) = -0.75
(37) = -0.97
(38) = -0.36
(39) = -0.26
(40) = -0.84
(41) = 0.31
(42) = 0.5
(43) = 0.75
(44) = 0.68
(45) = 0.21
(46) = -0.43
(47) = 0.3
(48) = -0.47
(49) = 0.16
(50) = 0.78
(51) = 0.93
(52) = -0.15
(53) = -0.95
(54) = -0.45
(55) = 0.28
(56) = 0.69
(57) = -0.3
(58) = 0.76
(59) = -0.38
(60) = -0.48
(61) = 0.35
(62) = 0.19
(63) = 0.6
(64) = 0.4
(65) = 0.51
(66) = 0.8
(67) = 0.12
(68) = -0.23
(69) = -0.74
(70) = -0.37
(71) = -0.31
(72) = 0.12


--------------------------------------------------------
Hidden Layer
--------------------------------------------------------
Weights:
(0, 0) = -0.17
(1, 0) = -0.72
(2, 0) = 0.32
(3, 0) = -0.41
(4, 0) = -0.56
(5, 0) = 0.24
(6, 0) = -0.27
(7, 0) = 0.09
(8, 0) = -0.34
(9, 0) = -0.89
(10, 0) = 0.97
(11, 0) = -0.5
(12, 0) = 0.35
(13, 0) = 0.73
(14, 0) = 0.71
(15, 0) = 0.08
(16, 0) = 0.89
(17, 0) = 0.58
(18, 0) = -0.29
(19, 0) = 0.42
(20, 0) = -0.46
(21, 0) = -0.66
(22, 0) = -0.97
(23, 0) = 0.61
(24, 0) = 0.34
(25, 0) = -0.64
(26, 0) = -0.21
(27, 0) = -0.92
(28, 0) = -0.86
(29, 0) = 0.47
(30, 0) = -0.34
(31, 0) = 0.77
(32, 0) = 0.96
(33, 0) = 0.29
(34, 0) = 0.22
(35, 0) = -0.99
(36, 0) = 0.97
(37, 0) = -0.46
(38, 0) = 0.54
(39, 0) = 0.94
(40, 0) = 0.18
(41, 0) = -0.61
(42, 0) = 0.88
(43, 0) = -0.57
(44, 0) = -0.36
(45, 0) = -0.74
(46, 0) = 0.61
(47, 0) = 0.85
(48, 0) = 0.19
(49, 0) = -0.13
(50, 0) = 0.51
(51, 0) = 0.78
(52, 0) = -0.12
(53, 0) = 0.97
(54, 0) = -0.6
(55, 0) = -0.51
(56, 0) = -0.76
(57, 0) = 0.71
(58, 0) = 0.24
(59, 0) = -0.93
(60, 0) = -0.55
(61, 0) = -0.36
(62, 0) = -0.05
(63, 0) = 0.18
(64, 0) = 0.45
(65, 0) = -0.81
(66, 0) = -0.47
(67, 0) = -0.95
(68, 0) = -0.49
(69, 0) = 0.7
(70, 0) = 0.11
(71, 0) = 0.35
(72, 0) = -0.97

Bias Weights:
(0) = -0.23


--------------------------------------------------------
Output Layer
--------------------------------------------------------
Node Values:
(0) = 0

